    0.0000    0.0000
    0.0000    0.0000
    0.0388    0.1000
    0.0739    0.2000
    0.1054    0.3000
    0.1337    0.4000
    0.1590    0.5000
    0.1815    0.6000
    0.2014    0.7000
    0.2189    0.8000
    0.2343    0.9000
    0.2476    1.0000
    0.2591    1.1000
    0.2689    1.2000
    0.2771    1.3000
    0.2838    1.4000
    0.2893    1.5000
    0.2935    1.6000
    0.2966    1.7000
    0.2988    1.8000
    0.3000    1.9000
    0.3004    2.0000
    0.3000    2.1000
    0.2990    2.2000
    0.2973    2.3000
    0.2951    2.4000
    0.2924    2.5000
    0.2893    2.6000
    0.2858    2.7000
    0.2819    2.8000
    0.2777    2.9000
    0.2733    3.0000
    0.2686    3.1000
    0.2638    3.2000
    0.2587    3.3000
    0.2536    3.4000
    0.2483    3.5000
    0.2429    3.6000
    0.2375    3.7000
    0.2320    3.8000
    0.2265    3.9000
    0.2210    4.0000
    0.2155    4.1000
    0.2100    4.2000
    0.2045    4.3000
    0.1990    4.4000
    0.1936    4.5000
    0.1883    4.6000
    0.1830    4.7000
    0.1778    4.8000
    0.1726    4.9000
    0.1676    5.0000
    0.1626    5.1000
    0.1577    5.2000
    0.1529    5.3000
    0.1482    5.4000
    0.1435    5.5000
    0.1390    5.6000
    0.1346    5.7000
    0.1303    5.8000
    0.1261    5.9000
    0.1220    6.0000
    0.1179    6.1000
    0.1140    6.2000
    0.1102    6.3000
    0.1065    6.4000
    0.1029    6.5000
    0.0994    6.6000
    0.0960    6.7000
    0.0926    6.8000
    0.0894    6.9000
    0.0863    7.0000
    0.0833    7.1000
    0.0803    7.2000
    0.0775    7.3000
    0.0747    7.4000
    0.0720    7.5000
    0.0694    7.6000
    0.0669    7.7000
    0.0645    7.8000
    0.0621    7.9000
    0.0598    8.0000
    0.0576    8.1000
    0.0555    8.2000
    0.0534    8.3000
    0.0514    8.4000
    0.0495    8.5000
    0.0476    8.6000
    0.0458    8.7000
    0.0441    8.8000
    0.0424    8.9000
    0.0408    9.0000
    0.0393    9.1000
    0.0378    9.2000
    0.0363    9.3000
    0.0349    9.4000
    0.0336    9.5000
    0.0323    9.6000
    0.0310    9.7000
    0.0298    9.8000
    0.0286    9.9000
    0.0275   10.0000
    0.0264   10.1000
    0.0254   10.2000
    0.0244   10.3000
    0.0234   10.4000
    0.0225   10.5000
    0.0216   10.6000
    0.0207   10.7000
    0.0199   10.8000
    0.0191   10.9000
    0.0184   11.0000
    0.0176   11.1000
    0.0169   11.2000
    0.0162   11.3000
    0.0156   11.4000
    0.0149   11.5000
    0.0143   11.6000
    0.0138   11.7000
    0.0132   11.8000
    0.0127   11.9000
    0.0121   12.0000
    0.0116   12.1000
    0.0112   12.2000
    0.0107   12.3000
    0.0103   12.4000
    0.0099   12.5000
    0.0094   12.6000
    0.0091   12.7000
    0.0087   12.8000
    0.0083   12.9000
    0.0080   13.0000
    0.0076   13.1000
    0.0073   13.2000
    0.0070   13.3000
    0.0067   13.4000
    0.0065   13.5000
    0.0062   13.6000
    0.0059   13.7000
    0.0057   13.8000
    0.0054   13.9000
    0.0052   14.0000
    0.0050   14.1000
    0.0048   14.2000
    0.0046   14.3000
    0.0044   14.4000
    0.0042   14.5000
    0.0040   14.6000
    0.0039   14.7000
    0.0037   14.8000
    0.0035   14.9000
    0.0034   15.0000
    0.0032   15.1000
    0.0031   15.2000
    0.0030   15.3000
    0.0028   15.4000
    0.0027   15.5000
    0.0026   15.6000
    0.0025   15.7000
    0.0024   15.8000
    0.0023   15.9000
    0.0022   16.0000
    0.0021   16.1000
    0.0020   16.2000
    0.0019   16.3000
    0.0018   16.4000
    0.0018   16.5000
    0.0017   16.6000
    0.0016   16.7000
    0.0015   16.8000
    0.0015   16.9000
    0.0014   17.0000
    0.0014   17.1000
    0.0013   17.2000
    0.0012   17.3000
    0.0012   17.4000
    0.0011   17.5000
    0.0011   17.6000
    0.0010   17.7000
    0.0010   17.8000
    0.0009   17.9000
    0.0009   18.0000
    0.0009   18.1000
    0.0008   18.2000
    0.0008   18.3000
    0.0008   18.4000
    0.0007   18.5000
    0.0007   18.6000
    0.0007   18.7000
    0.0006   18.8000
    0.0006   18.9000
    0.0006   19.0000
    0.0006   19.1000
    0.0005   19.2000
    0.0005   19.3000
    0.0005   19.4000
    0.0005   19.5000
    0.0004   19.6000
    0.0004   19.7000
    0.0004   19.8000
    0.0004   19.9000
    0.0004   20.0000
    0.0004   20.1000
    0.0003   20.2000
    0.0003   20.3000
    0.0003   20.4000
    0.0003   20.5000
    0.0003   20.6000
    0.0003   20.7000
    0.0003   20.8000
    0.0002   20.9000
    0.0002   21.0000
    0.0002   21.1000
    0.0002   21.2000
    0.0002   21.3000
    0.0002   21.4000
    0.0002   21.5000
    0.0002   21.6000
    0.0002   21.7000
    0.0002   21.8000
    0.0002   21.9000
    0.0002   22.0000
    0.0001   22.1000
    0.0001   22.2000
    0.0001   22.3000
    0.0001   22.4000
    0.0001   22.5000
    0.0001   22.6000
    0.0001   22.7000
    0.0001   22.8000
    0.0001   22.9000
    0.0001   23.0000
    0.0001   23.1000
    0.0001   23.2000
    0.0001   23.3000
    0.0001   23.4000
    0.0001   23.5000
    0.0001   23.6000
    0.0001   23.7000
    0.0001   23.8000
    0.0001   23.9000
    0.0001   24.0000
    0.0001   24.1000
    0.0001   24.2000
    0.0001   24.3000
    0.0001   24.4000
    0.0000   24.5000
    0.0000   24.6000
    0.0000   24.7000
    0.0000   24.8000
    0.0000   24.9000
    0.0000   25.0000
    0.0000   25.1000
    0.0000   25.2000
    0.0000   25.3000
    0.0000   25.4000
    0.0000   25.5000
    0.0000   25.6000
    0.0000   25.7000
    0.0000   25.8000
    0.0000   25.9000
    0.0000   26.0000
    0.0000   26.1000
    0.0000   26.2000
    0.0000   26.3000
    0.0000   26.4000
    0.0000   26.5000
    0.0000   26.6000
    0.0000   26.7000
    0.0000   26.8000
    0.0000   26.9000
    0.0000   27.0000
    0.0000   27.1000
    0.0000   27.2000
    0.0000   27.3000
    0.0000   27.4000
    0.0000   27.5000
    0.0000   27.6000
    0.0000   27.7000
    0.0000   27.8000
    0.0000   27.9000
    0.0000   28.0000
    0.0000   28.1000
    0.0000   28.2000
    0.0000   28.3000
    0.0000   28.4000
    0.0000   28.5000
    0.0000   28.6000
    0.0000   28.7000
    0.0000   28.8000
    0.0000   28.9000
    0.0000   29.0000
    0.0000   29.1000
    0.0000   29.2000
    0.0000   29.3000
    0.0000   29.4000
    0.0000   29.5000
    0.0000   29.6000
    0.0000   29.7000
    0.0000   29.8000
    0.0000   29.9000
