  -1.4922553062438966        3.6287356307882108E-002
  -1.3351758003234862       0.11268179064026548     
  -1.1780962944030762       0.17952692068110093     
  -1.0210167884826662       0.26292417816061947     
 -0.86393728256225588       0.32403972562652616     
 -0.70685777664184579       0.36414680365102742     
 -0.54977827072143559       0.43672151626679168     
 -0.39269876480102550       0.48892437972725361     
 -0.23561925888061530       0.50611312745203985     
  -7.8539752960205100E-002  0.48510465801063446     
   7.8539752960204989E-002  0.51120608974086545     
  0.23561925888061508       0.46982577114415780     
  0.39269876480102528       0.47937507543570573     
  0.54977827072143537       0.40743698310604470     
  0.70685777664184557       0.35587073993168589     
  0.86393728256225577       0.31067069961835908     
   1.0210167884826657       0.29411857217967602     
   1.1780962944030759       0.20180863069471275     
   1.3351758003234862       0.10567896749313034     
   1.4922553062438964        3.3740875163469325E-002
