  -1.4137155532836914        7.0028231471351426E-002
  -1.0995565414428712       0.20626497269743513     
 -0.78539752960205078       0.34632143564013801     
 -0.47123851776123055       0.42971869311965649     
 -0.15707950592041020       0.50579481730898834     
  0.15707950592041009       0.51661736217274257     
  0.47123851776123027       0.44085954812646244     
  0.78539752960205056       0.35173270807201512     
   1.0995565414428710       0.23045654356935652     
   1.4137155532836914        8.5307118337828114E-002
