  -1.4922553062438966        3.8464597686355032E-002
  -1.3351758003234862       0.11576939902786598     
  -1.1780962944030762       0.18904439395834371     
  -1.0210167884826662       0.26095065527369954     
 -0.86393728256225588       0.32786581354600636     
 -0.70685777664184579       0.37978219787772188     
 -0.54977827072143559       0.42393181471897845     
 -0.39269876480102550       0.46126959449893085     
 -0.23561925888061530       0.48372319198979052     
  -7.8539752960205100E-002  0.49916123392779299     
   7.8539752960204989E-002  0.49910393810204373     
  0.23561925888061508       0.48684899759455724     
  0.39269876480102528       0.46203990504511572     
  0.54977827072143537       0.42556792885426370     
  0.70685777664184557       0.37834343603112869     
  0.86393728256225577       0.32698727755118395     
   1.0210167884826657       0.26196924773146468     
   1.1780962944030759       0.18891706990112306     
   1.3351758003234862       0.11752010481464976     
   1.4922553062438964        3.8942062900932425E-002
