  -1.5550871086120606        9.5493042915479227E-003
  -1.5236712074279786        1.9098608583095845E-002
  -1.4922553062438966        4.1380318596707662E-002
  -1.4608394050598146        7.0028231471351426E-002
  -1.4294235038757324        9.5493042915479220E-002
  -1.3980076026916504        8.5943738623931301E-002
  -1.3665917015075684        9.5493042915479220E-002
  -1.3351758003234864       0.10504234720702715     
  -1.3037598991394042       0.13050715865115495     
  -1.2723439979553222       0.13050715865115495     
  -1.2409280967712402       0.16233817295631467     
  -1.2095121955871582       0.18461988296992651     
  -1.1780962944030762       0.18143678153941054     
  -1.1466803932189942       0.15597197009528274     
  -1.1152644920349122       0.22281710013611819     
  -1.0838485908508302       0.24828191158024598     
  -1.0524326896667482       0.27056362159385783     
  -1.0210167884826662       0.28966223017695364     
 -0.98960088729858398       0.26738052016334185     
 -0.95818498611450198       0.29284533160746962     
 -0.92676908493041998       0.29284533160746962     
 -0.89535318374633788       0.29602843303798559     
 -0.86393728256225588       0.30876083876004951     
 -0.83252138137817377       0.37878907023140090     
 -0.80110548019409178       0.36287356307882107     
 -0.76968957901000978       0.41062008453656068     
 -0.73827367782592779       0.44245109884172040     
 -0.70685777664184579       0.39152147595346481     
 -0.67544187545776369       0.41062008453656068     
 -0.64402597427368169       0.34695805592624118     
 -0.61261007308959958       0.38833837452294884     
 -0.58119417190551759       0.45200040313326834     
 -0.54977827072143559       0.47428211314688012     
 -0.51836236953735360       0.46154970742481627     
 -0.48694646835327160       0.44245109884172040     
 -0.45553056716918949       0.40743698310604470     
 -0.42411466598510739       0.40743698310604470     
 -0.39269876480102539       0.42335249025862454     
 -0.36128286361694339       0.44881730170275236     
 -0.32986696243286140       0.49656382316049197     
 -0.29845106124877940       0.47428211314688012     
 -0.26703516006469730       0.45200040313326834     
 -0.23561925888061519       0.51884553317410376     
 -0.20420335769653319       0.41698628739759264     
 -0.17278745651245120       0.41380318596707666     
 -0.14137155532836920       0.48064831600791208     
 -0.10995565414428721       0.52202863460461979     
  -7.8539752960205100E-002  0.48383141743842806     
  -4.7123851776122994E-002  0.54431034461823158     
  -1.5707950592040998E-002  0.53794414175719962     
   1.5707950592040998E-002  0.52521173603513571     
   4.7123851776122994E-002  0.45200040313326834     
   7.8539752960204989E-002  0.50611312745203985     
  0.10995565414428699       0.52839483746565175     
  0.14137155532836909       0.46473280885533225     
  0.17278745651245120       0.44881730170275236     
  0.20420335769653319       0.44881730170275236     
  0.23561925888061519       0.43926799741120442     
  0.26703516006469719       0.53157793889616767     
  0.29845106124877918       0.46154970742481627     
  0.32986696243286129       0.48383141743842806     
  0.36128286361694339       0.49338072172997599     
  0.39269876480102539       0.42653559168914051     
  0.42411466598510739       0.46473280885533225     
  0.45553056716918938       0.45836660599430029     
  0.48694646835327138       0.48701451886894404     
  0.51836236953735337       0.47109901171636420     
  0.54977827072143537       0.47428211314688012     
  0.58119417190551736       0.44881730170275236     
  0.61261007308959936       0.48701451886894404     
  0.64402597427368158       0.45836660599430029     
  0.67544187545776380       0.41698628739759264     
  0.70685777664184579       0.40743698310604470     
  0.73827367782592779       0.31194394019056548     
  0.76968957901000978       0.33740875163469325     
  0.80110548019409178       0.30876083876004951     
  0.83252138137817377       0.32785944734314532     
  0.86393728256225577       0.29284533160746962     
  0.89535318374633777       0.30557773732953353     
  0.92676908493041976       0.24828191158024598     
  0.95818498611450176       0.30239463589901755     
  0.98960088729858375       0.26738052016334185     
   1.0210167884826657       0.21008469441405431     
   1.0524326896667480       0.27692982445488973     
   1.0838485908508302       0.22600020156663417     
   1.1152644920349122       0.21008469441405431     
   1.1466803932189942       0.21645089727508623     
   1.1780962944030762       0.24828191158024598     
   1.2095121955871582       0.18143678153941054     
   1.2409280967712402       0.13050715865115495     
   1.2723439979553222       0.15278886866476676     
   1.3037598991394042       0.12095785435960701     
   1.3351758003234862       0.10504234720702715     
   1.3665917015075681        8.2760637193415323E-002
   1.3980076026916501        6.3662028610319485E-002
   1.4294235038757324        7.3211332901867404E-002
   1.4608394050598146        6.6845130040835463E-002
   1.4922553062438966        9.5493042915479227E-003
   1.5236712074279786        1.5915507152579871E-002
   1.5550871086120606        6.3662028610319485E-003
