  -1.4922553062438966        6.3662028610319485E-002
  -1.3351758003234862        0.0000000000000000     
  -1.1780962944030762       0.31831014305159744     
  -1.0210167884826662       0.25464811444127794     
 -0.86393728256225588       0.38197217166191694     
 -0.70685777664184579       0.57295825749287543     
 -0.54977827072143559       0.19098608583095847     
 -0.39269876480102550       0.38197217166191694     
 -0.23561925888061530       0.38197217166191694     
  -7.8539752960205100E-002  0.38197217166191694     
   7.8539752960204989E-002  0.57295825749287543     
  0.23561925888061508       0.57295825749287543     
  0.39269876480102528       0.31831014305159744     
  0.54977827072143537       0.50929622888255588     
  0.70685777664184557       0.44563420027223644     
  0.86393728256225577       0.19098608583095847     
   1.0210167884826657       0.38197217166191694     
   1.1780962944030759       0.19098608583095847     
   1.3351758003234862       0.25464811444127794     
   1.4922553062438964        0.0000000000000000     
