  0.12500000000000000        0.0000000000000000     
  0.37500000000000000        0.0000000000000000     
  0.62500000000000000        1.9752000000000001     
  0.87500000000000000       0.52959999999999996     
   1.1250000000000000       0.34599999999999997     
   1.3750000000000000       0.60719999999999996     
   1.6250000000000000       0.88360000000000005     
   1.8750000000000000       0.60240000000000005     
   2.1250000000000000       0.51719999999999999     
   2.3750000000000000       0.61080000000000001     
   2.6250000000000000       0.64039999999999997     
   2.8750000000000000       0.56640000000000001     
   3.1250000000000000       0.55240000000000000     
   3.3750000000000000       0.54400000000000004     
   3.6250000000000000       0.55159999999999998     
   3.8750000000000000       0.51000000000000001     
   4.1250000000000000       0.51000000000000001     
   4.3750000000000000       0.49280000000000002     
   4.6250000000000000       0.46039999999999998     
   4.8750000000000000       0.45160000000000000     
   5.1250000000000000       0.43480000000000002     
   5.3750000000000000       0.42040000000000000     
   5.6250000000000000       0.40279999999999999     
   5.8750000000000000       0.37480000000000002     
   6.1250000000000000       0.36040000000000000     
   6.3750000000000000       0.33520000000000000     
   6.6250000000000000       0.30840000000000001     
   6.8750000000000000       0.27960000000000002     
   7.1250000000000000       0.25240000000000001     
   7.3750000000000000       0.23840000000000000     
   7.6250000000000000       0.23560000000000000     
   7.8750000000000000       0.20880000000000001     
   8.1250000000000000       0.17440000000000000     
   8.3750000000000000       0.16760000000000000     
   8.6250000000000000       0.13000000000000000     
   8.8750000000000000       0.12640000000000001     
   9.1250000000000000       0.10080000000000000     
   9.3750000000000000        9.7600000000000006E-002
   9.6250000000000000        0.0000000000000000     
   9.8750000000000000        0.0000000000000000     
