  0.12500000000000000        0.0000000000000000     
  0.37500000000000000        0.0000000000000000     
  0.62500000000000000        3.5992000000000002     
  0.87500000000000000        4.3200000000000002E-002
   1.1250000000000000       0.15759999999999999     
   1.3750000000000000        2.6015999999999999     
   1.6250000000000000       0.67279999999999995     
   1.8750000000000000       0.20319999999999999     
   2.1250000000000000       0.83919999999999995     
   2.3750000000000000        1.7108000000000001     
   2.6250000000000000       0.52439999999999998     
   2.8750000000000000       0.43840000000000001     
   3.1250000000000000       0.99760000000000004     
   3.3750000000000000       0.98199999999999998     
   3.6250000000000000       0.53559999999999997     
   3.8750000000000000       0.52120000000000000     
   4.1250000000000000       0.65639999999999998     
   4.3750000000000000       0.57399999999999995     
   4.6250000000000000       0.39000000000000001     
   4.8750000000000000       0.25719999999999998     
   5.1250000000000000       0.17000000000000001     
   5.3750000000000000        7.3599999999999999E-002
   5.6250000000000000        3.2399999999999998E-002
   5.8750000000000000        1.1200000000000000E-002
   6.1250000000000000        5.1999999999999998E-003
   6.3750000000000000        2.3999999999999998E-003
   6.6250000000000000        4.0000000000000002E-004
   6.8750000000000000        4.0000000000000002E-004
   7.1250000000000000        0.0000000000000000     
   7.3750000000000000        0.0000000000000000     
   7.6250000000000000        0.0000000000000000     
   7.8750000000000000        0.0000000000000000     
   8.1250000000000000        0.0000000000000000     
   8.3750000000000000        0.0000000000000000     
   8.6250000000000000        0.0000000000000000     
   8.8750000000000000        0.0000000000000000     
   9.1250000000000000        0.0000000000000000     
   9.3750000000000000        0.0000000000000000     
   9.6250000000000000        0.0000000000000000     
   9.8750000000000000        0.0000000000000000     
