  0.10000000000000001        0.0000000000000000     
  0.30000000000000004        0.0000000000000000     
  0.50000000000000000        4.8500000000000001E-002
  0.70000000000000007        7.6600000000000001E-002
  0.90000000000000002        6.1249999999999999E-002
   1.1000000000000001        5.1049999999999998E-002
   1.3000000000000000        4.1700000000000001E-002
   1.5000000000000000        3.7150000000000002E-002
   1.7000000000000002        2.9850000000000002E-002
   1.9000000000000001        2.5149999999999999E-002
   2.1000000000000001        2.2100000000000002E-002
   2.3000000000000003        1.7250000000000001E-002
   2.5000000000000000        1.5350000000000001E-002
   2.7000000000000002        1.3050000000000001E-002
   2.9000000000000004        8.4499999999999992E-003
   3.1000000000000001        9.4500000000000001E-003
   3.3000000000000003        6.4999999999999997E-003
   3.5000000000000000        5.8999999999999999E-003
   3.7000000000000002        5.3499999999999997E-003
   3.9000000000000004        4.4500000000000000E-003
   4.1000000000000005        3.0500000000000002E-003
   4.2999999999999998        2.5999999999999999E-003
   4.5000000000000000        2.4499999999999999E-003
   4.7000000000000002        1.8000000000000000E-003
   4.9000000000000004        1.6500000000000000E-003
   5.1000000000000005        1.4499999999999999E-003
   5.3000000000000007        8.4999999999999995E-004
   5.5000000000000000        9.5000000000000000E-004
   5.7000000000000002        9.5000000000000000E-004
   5.9000000000000004        6.4999999999999997E-004
   6.1000000000000005        8.0000000000000004E-004
   6.3000000000000007        5.5000000000000003E-004
   6.5000000000000000        2.5000000000000001E-004
   6.7000000000000002        4.0000000000000002E-004
   6.9000000000000004        2.9999999999999997E-004
   7.1000000000000005        2.0000000000000001E-004
   7.3000000000000007        4.0000000000000002E-004
   7.5000000000000000        1.4999999999999999E-004
   7.7000000000000002        2.9999999999999997E-004
   7.9000000000000004        2.9999999999999997E-004
   8.0999999999999996        1.4999999999999999E-004
   8.3000000000000007        1.4999999999999999E-004
   8.5000000000000000        1.0000000000000000E-004
   8.7000000000000011        5.0000000000000002E-005
   8.9000000000000004        0.0000000000000000     
   9.0999999999999996        1.0000000000000000E-004
   9.3000000000000007        2.0000000000000001E-004
   9.5000000000000000        1.0000000000000000E-004
   9.7000000000000011        0.0000000000000000     
   9.9000000000000004        0.0000000000000000     
