  0.12500000000000000        0.0000000000000000     
  0.37500000000000000        0.0000000000000000     
  0.62500000000000000       0.89480000000000004     
  0.87500000000000000       0.51359999999999995     
   1.1250000000000000       0.37119999999999997     
   1.3750000000000000       0.36240000000000000     
   1.6250000000000000       0.46239999999999998     
   1.8750000000000000       0.46639999999999998     
   2.1250000000000000       0.42320000000000002     
   2.3750000000000000       0.42680000000000001     
   2.6250000000000000       0.42599999999999999     
   2.8750000000000000       0.43159999999999998     
   3.1250000000000000       0.42920000000000003     
   3.3750000000000000       0.44040000000000001     
   3.6250000000000000       0.42680000000000001     
   3.8750000000000000       0.40880000000000000     
   4.1250000000000000       0.41760000000000003     
   4.3750000000000000       0.40999999999999998     
   4.6250000000000000       0.42920000000000003     
   4.8750000000000000       0.43640000000000001     
   5.1250000000000000       0.41920000000000002     
   5.3750000000000000       0.40999999999999998     
   5.6250000000000000       0.42959999999999998     
   5.8750000000000000       0.41880000000000001     
   6.1250000000000000       0.39639999999999997     
   6.3750000000000000       0.42559999999999998     
   6.6250000000000000       0.39879999999999999     
   6.8750000000000000       0.43400000000000000     
   7.1250000000000000       0.44319999999999998     
   7.3750000000000000       0.41199999999999998     
   7.6250000000000000       0.40200000000000002     
   7.8750000000000000       0.42840000000000000     
   8.1250000000000000       0.40520000000000000     
   8.3750000000000000       0.43040000000000000     
   8.6250000000000000       0.34480000000000000     
   8.8750000000000000       0.35360000000000003     
   9.1250000000000000       0.47920000000000001     
   9.3750000000000000       0.79200000000000004     
   9.6250000000000000        0.0000000000000000     
   9.8750000000000000        0.0000000000000000     
