   0.0000000000000000        0.0000000000000000       0.50000000000000000     
   1.2500000000000000        0.0000000000000000       0.50000000000000000     
   2.5000000000000000        0.0000000000000000       0.50000000000000000     
   3.7500000000000000        0.0000000000000000       0.50000000000000000     
   5.0000000000000000        0.0000000000000000       0.50000000000000000     
   6.2500000000000000        0.0000000000000000       0.50000000000000000     
   7.5000000000000000        0.0000000000000000       0.50000000000000000     
   8.7500000000000000        0.0000000000000000       0.50000000000000000     
   0.0000000000000000        1.2500000000000000       0.50000000000000000     
   1.2500000000000000        1.2500000000000000       0.50000000000000000     
   2.5000000000000000        1.2500000000000000       0.50000000000000000     
   3.7500000000000000        1.2500000000000000       0.50000000000000000     
   5.0000000000000000        1.2500000000000000       0.50000000000000000     
   6.2500000000000000        1.2500000000000000       0.50000000000000000     
   7.5000000000000000        1.2500000000000000       0.50000000000000000     
   8.7500000000000000        1.2500000000000000       0.50000000000000000     
   0.0000000000000000        2.5000000000000000       0.50000000000000000     
   1.2500000000000000        2.5000000000000000       0.50000000000000000     
   2.5000000000000000        2.5000000000000000       0.50000000000000000     
   3.7500000000000000        2.5000000000000000       0.50000000000000000     
   5.0000000000000000        2.5000000000000000       0.50000000000000000     
   6.2500000000000000        2.5000000000000000       0.50000000000000000     
   7.5000000000000000        2.5000000000000000       0.50000000000000000     
   8.7500000000000000        2.5000000000000000       0.50000000000000000     
   0.0000000000000000        3.7500000000000000       0.50000000000000000     
   1.2500000000000000        3.7500000000000000       0.50000000000000000     
   2.5000000000000000        3.7500000000000000       0.50000000000000000     
   3.7500000000000000        3.7500000000000000       0.50000000000000000     
   5.0000000000000000        3.7500000000000000       0.50000000000000000     
   6.2500000000000000        3.7500000000000000       0.50000000000000000     
   7.5000000000000000        3.7500000000000000       0.50000000000000000     
   8.7500000000000000        3.7500000000000000       0.50000000000000000     
   0.0000000000000000        5.0000000000000000       0.50000000000000000     
   1.2500000000000000        5.0000000000000000       0.50000000000000000     
   2.5000000000000000        5.0000000000000000       0.50000000000000000     
   3.7500000000000000        5.0000000000000000       0.50000000000000000     
   5.0000000000000000        5.0000000000000000       0.50000000000000000     
   6.2500000000000000        5.0000000000000000       0.50000000000000000     
   7.5000000000000000        5.0000000000000000       0.50000000000000000     
   8.7500000000000000        5.0000000000000000       0.50000000000000000     
   0.0000000000000000        6.2500000000000000       0.50000000000000000     
   1.2500000000000000        6.2500000000000000       0.50000000000000000     
   2.5000000000000000        6.2500000000000000       0.50000000000000000     
   3.7500000000000000        6.2500000000000000       0.50000000000000000     
   5.0000000000000000        6.2500000000000000       0.50000000000000000     
   6.2500000000000000        6.2500000000000000       0.50000000000000000     
   7.5000000000000000        6.2500000000000000       0.50000000000000000     
   8.7500000000000000        6.2500000000000000       0.50000000000000000     
   0.0000000000000000        7.5000000000000000       0.50000000000000000     
   1.2500000000000000        7.5000000000000000       0.50000000000000000     
   2.5000000000000000        7.5000000000000000       0.50000000000000000     
   3.7500000000000000        7.5000000000000000       0.50000000000000000     
   5.0000000000000000        7.5000000000000000       0.50000000000000000     
   6.2500000000000000        7.5000000000000000       0.50000000000000000     
   7.5000000000000000        7.5000000000000000       0.50000000000000000     
   8.7500000000000000        7.5000000000000000       0.50000000000000000     
   0.0000000000000000        8.7500000000000000       0.50000000000000000     
   1.2500000000000000        8.7500000000000000       0.50000000000000000     
   2.5000000000000000        8.7500000000000000       0.50000000000000000     
   3.7500000000000000        8.7500000000000000       0.50000000000000000     
   5.0000000000000000        8.7500000000000000       0.50000000000000000     
   6.2500000000000000        8.7500000000000000       0.50000000000000000     
   7.5000000000000000        8.7500000000000000       0.50000000000000000     
   8.7500000000000000        8.7500000000000000       0.50000000000000000     
   0.0000000000000000        0.0000000000000000        1.6250000000000000     
   1.2500000000000000        0.0000000000000000        1.6250000000000000     
   2.5000000000000000        0.0000000000000000        1.6250000000000000     
   3.7500000000000000        0.0000000000000000        1.6250000000000000     
   5.0000000000000000        0.0000000000000000        1.6250000000000000     
   6.2500000000000000        0.0000000000000000        1.6250000000000000     
   7.5000000000000000        0.0000000000000000        1.6250000000000000     
   8.7500000000000000        0.0000000000000000        1.6250000000000000     
   0.0000000000000000        1.2500000000000000        1.6250000000000000     
   1.2500000000000000        1.2500000000000000        1.6250000000000000     
   2.5000000000000000        1.2500000000000000        1.6250000000000000     
   3.7500000000000000        1.2500000000000000        1.6250000000000000     
   5.0000000000000000        1.2500000000000000        1.6250000000000000     
   6.2500000000000000        1.2500000000000000        1.6250000000000000     
   7.5000000000000000        1.2500000000000000        1.6250000000000000     
   8.7500000000000000        1.2500000000000000        1.6250000000000000     
   0.0000000000000000        2.5000000000000000        1.6250000000000000     
   1.2500000000000000        2.5000000000000000        1.6250000000000000     
   2.5000000000000000        2.5000000000000000        1.6250000000000000     
   3.7500000000000000        2.5000000000000000        1.6250000000000000     
   5.0000000000000000        2.5000000000000000        1.6250000000000000     
   6.2500000000000000        2.5000000000000000        1.6250000000000000     
   7.5000000000000000        2.5000000000000000        1.6250000000000000     
   8.7500000000000000        2.5000000000000000        1.6250000000000000     
   0.0000000000000000        3.7500000000000000        1.6250000000000000     
   1.2500000000000000        3.7500000000000000        1.6250000000000000     
   2.5000000000000000        3.7500000000000000        1.6250000000000000     
   3.7500000000000000        3.7500000000000000        1.6250000000000000     
   5.0000000000000000        3.7500000000000000        1.6250000000000000     
   6.2500000000000000        3.7500000000000000        1.6250000000000000     
   7.5000000000000000        3.7500000000000000        1.6250000000000000     
   8.7500000000000000        3.7500000000000000        1.6250000000000000     
   0.0000000000000000        5.0000000000000000        1.6250000000000000     
   1.2500000000000000        5.0000000000000000        1.6250000000000000     
   2.5000000000000000        5.0000000000000000        1.6250000000000000     
   3.7500000000000000        5.0000000000000000        1.6250000000000000     
   5.0000000000000000        5.0000000000000000        1.6250000000000000     
   6.2500000000000000        5.0000000000000000        1.6250000000000000     
   7.5000000000000000        5.0000000000000000        1.6250000000000000     
   8.7500000000000000        5.0000000000000000        1.6250000000000000     
   0.0000000000000000        6.2500000000000000        1.6250000000000000     
   1.2500000000000000        6.2500000000000000        1.6250000000000000     
   2.5000000000000000        6.2500000000000000        1.6250000000000000     
   3.7500000000000000        6.2500000000000000        1.6250000000000000     
   5.0000000000000000        6.2500000000000000        1.6250000000000000     
   6.2500000000000000        6.2500000000000000        1.6250000000000000     
   7.5000000000000000        6.2500000000000000        1.6250000000000000     
   8.7500000000000000        6.2500000000000000        1.6250000000000000     
   0.0000000000000000        7.5000000000000000        1.6250000000000000     
   1.2500000000000000        7.5000000000000000        1.6250000000000000     
   2.5000000000000000        7.5000000000000000        1.6250000000000000     
   3.7500000000000000        7.5000000000000000        1.6250000000000000     
   5.0000000000000000        7.5000000000000000        1.6250000000000000     
   6.2500000000000000        7.5000000000000000        1.6250000000000000     
   7.5000000000000000        7.5000000000000000        1.6250000000000000     
   8.7500000000000000        7.5000000000000000        1.6250000000000000     
   0.0000000000000000        8.7500000000000000        1.6250000000000000     
   1.2500000000000000        8.7500000000000000        1.6250000000000000     
   2.5000000000000000        8.7500000000000000        1.6250000000000000     
   3.7500000000000000        8.7500000000000000        1.6250000000000000     
   5.0000000000000000        8.7500000000000000        1.6250000000000000     
   6.2500000000000000        8.7500000000000000        1.6250000000000000     
   7.5000000000000000        8.7500000000000000        1.6250000000000000     
   8.7500000000000000        8.7500000000000000        1.6250000000000000     
   0.0000000000000000        0.0000000000000000        2.7500000000000000     
   1.2500000000000000        0.0000000000000000        2.7500000000000000     
   2.5000000000000000        0.0000000000000000        2.7500000000000000     
   3.7500000000000000        0.0000000000000000        2.7500000000000000     
   5.0000000000000000        0.0000000000000000        2.7500000000000000     
   6.2500000000000000        0.0000000000000000        2.7500000000000000     
   7.5000000000000000        0.0000000000000000        2.7500000000000000     
   8.7500000000000000        0.0000000000000000        2.7500000000000000     
   0.0000000000000000        1.2500000000000000        2.7500000000000000     
   1.2500000000000000        1.2500000000000000        2.7500000000000000     
   2.5000000000000000        1.2500000000000000        2.7500000000000000     
   3.7500000000000000        1.2500000000000000        2.7500000000000000     
   5.0000000000000000        1.2500000000000000        2.7500000000000000     
   6.2500000000000000        1.2500000000000000        2.7500000000000000     
   7.5000000000000000        1.2500000000000000        2.7500000000000000     
   8.7500000000000000        1.2500000000000000        2.7500000000000000     
   0.0000000000000000        2.5000000000000000        2.7500000000000000     
   1.2500000000000000        2.5000000000000000        2.7500000000000000     
   2.5000000000000000        2.5000000000000000        2.7500000000000000     
   3.7500000000000000        2.5000000000000000        2.7500000000000000     
   5.0000000000000000        2.5000000000000000        2.7500000000000000     
   6.2500000000000000        2.5000000000000000        2.7500000000000000     
   7.5000000000000000        2.5000000000000000        2.7500000000000000     
   8.7500000000000000        2.5000000000000000        2.7500000000000000     
   0.0000000000000000        3.7500000000000000        2.7500000000000000     
   1.2500000000000000        3.7500000000000000        2.7500000000000000     
   2.5000000000000000        3.7500000000000000        2.7500000000000000     
   3.7500000000000000        3.7500000000000000        2.7500000000000000     
   5.0000000000000000        3.7500000000000000        2.7500000000000000     
   6.2500000000000000        3.7500000000000000        2.7500000000000000     
   7.5000000000000000        3.7500000000000000        2.7500000000000000     
   8.7500000000000000        3.7500000000000000        2.7500000000000000     
   0.0000000000000000        5.0000000000000000        2.7500000000000000     
   1.2500000000000000        5.0000000000000000        2.7500000000000000     
   2.5000000000000000        5.0000000000000000        2.7500000000000000     
   3.7500000000000000        5.0000000000000000        2.7500000000000000     
   5.0000000000000000        5.0000000000000000        2.7500000000000000     
   6.2500000000000000        5.0000000000000000        2.7500000000000000     
   7.5000000000000000        5.0000000000000000        2.7500000000000000     
   8.7500000000000000        5.0000000000000000        2.7500000000000000     
   0.0000000000000000        6.2500000000000000        2.7500000000000000     
   1.2500000000000000        6.2500000000000000        2.7500000000000000     
   2.5000000000000000        6.2500000000000000        2.7500000000000000     
   3.7500000000000000        6.2500000000000000        2.7500000000000000     
   5.0000000000000000        6.2500000000000000        2.7500000000000000     
   6.2500000000000000        6.2500000000000000        2.7500000000000000     
   7.5000000000000000        6.2500000000000000        2.7500000000000000     
   8.7500000000000000        6.2500000000000000        2.7500000000000000     
   0.0000000000000000        7.5000000000000000        2.7500000000000000     
   1.2500000000000000        7.5000000000000000        2.7500000000000000     
   2.5000000000000000        7.5000000000000000        2.7500000000000000     
   3.7500000000000000        7.5000000000000000        2.7500000000000000     
   5.0000000000000000        7.5000000000000000        2.7500000000000000     
   6.2500000000000000        7.5000000000000000        2.7500000000000000     
   7.5000000000000000        7.5000000000000000        2.7500000000000000     
   8.7500000000000000        7.5000000000000000        2.7500000000000000     
   0.0000000000000000        8.7500000000000000        2.7500000000000000     
   1.2500000000000000        8.7500000000000000        2.7500000000000000     
   2.5000000000000000        8.7500000000000000        2.7500000000000000     
   3.7500000000000000        8.7500000000000000        2.7500000000000000     
   5.0000000000000000        8.7500000000000000        2.7500000000000000     
   6.2500000000000000        8.7500000000000000        2.7500000000000000     
   7.5000000000000000        8.7500000000000000        2.7500000000000000     
   8.7500000000000000        8.7500000000000000        2.7500000000000000     
   0.0000000000000000        0.0000000000000000        3.8750000000000000     
   1.2500000000000000        0.0000000000000000        3.8750000000000000     
   2.5000000000000000        0.0000000000000000        3.8750000000000000     
   3.7500000000000000        0.0000000000000000        3.8750000000000000     
   5.0000000000000000        0.0000000000000000        3.8750000000000000     
   6.2500000000000000        0.0000000000000000        3.8750000000000000     
   7.5000000000000000        0.0000000000000000        3.8750000000000000     
   8.7500000000000000        0.0000000000000000        3.8750000000000000     
   0.0000000000000000        1.2500000000000000        3.8750000000000000     
   1.2500000000000000        1.2500000000000000        3.8750000000000000     
   2.5000000000000000        1.2500000000000000        3.8750000000000000     
   3.7500000000000000        1.2500000000000000        3.8750000000000000     
   5.0000000000000000        1.2500000000000000        3.8750000000000000     
   6.2500000000000000        1.2500000000000000        3.8750000000000000     
   7.5000000000000000        1.2500000000000000        3.8750000000000000     
   8.7500000000000000        1.2500000000000000        3.8750000000000000     
   0.0000000000000000        2.5000000000000000        3.8750000000000000     
   1.2500000000000000        2.5000000000000000        3.8750000000000000     
   2.5000000000000000        2.5000000000000000        3.8750000000000000     
   3.7500000000000000        2.5000000000000000        3.8750000000000000     
   5.0000000000000000        2.5000000000000000        3.8750000000000000     
   6.2500000000000000        2.5000000000000000        3.8750000000000000     
   7.5000000000000000        2.5000000000000000        3.8750000000000000     
   8.7500000000000000        2.5000000000000000        3.8750000000000000     
   0.0000000000000000        3.7500000000000000        3.8750000000000000     
   1.2500000000000000        3.7500000000000000        3.8750000000000000     
   2.5000000000000000        3.7500000000000000        3.8750000000000000     
   3.7500000000000000        3.7500000000000000        3.8750000000000000     
   5.0000000000000000        3.7500000000000000        3.8750000000000000     
   6.2500000000000000        3.7500000000000000        3.8750000000000000     
   7.5000000000000000        3.7500000000000000        3.8750000000000000     
   8.7500000000000000        3.7500000000000000        3.8750000000000000     
   0.0000000000000000        5.0000000000000000        3.8750000000000000     
   1.2500000000000000        5.0000000000000000        3.8750000000000000     
   2.5000000000000000        5.0000000000000000        3.8750000000000000     
   3.7500000000000000        5.0000000000000000        3.8750000000000000     
   5.0000000000000000        5.0000000000000000        3.8750000000000000     
   6.2500000000000000        5.0000000000000000        3.8750000000000000     
   7.5000000000000000        5.0000000000000000        3.8750000000000000     
   8.7500000000000000        5.0000000000000000        3.8750000000000000     
   0.0000000000000000        6.2500000000000000        3.8750000000000000     
   1.2500000000000000        6.2500000000000000        3.8750000000000000     
   2.5000000000000000        6.2500000000000000        3.8750000000000000     
   3.7500000000000000        6.2500000000000000        3.8750000000000000     
   5.0000000000000000        6.2500000000000000        3.8750000000000000     
   6.2500000000000000        6.2500000000000000        3.8750000000000000     
   7.5000000000000000        6.2500000000000000        3.8750000000000000     
   8.7500000000000000        6.2500000000000000        3.8750000000000000     
   0.0000000000000000        7.5000000000000000        3.8750000000000000     
   1.2500000000000000        7.5000000000000000        3.8750000000000000     
   2.5000000000000000        7.5000000000000000        3.8750000000000000     
   3.7500000000000000        7.5000000000000000        3.8750000000000000     
   5.0000000000000000        7.5000000000000000        3.8750000000000000     
   6.2500000000000000        7.5000000000000000        3.8750000000000000     
   7.5000000000000000        7.5000000000000000        3.8750000000000000     
   8.7500000000000000        7.5000000000000000        3.8750000000000000     
   0.0000000000000000        8.7500000000000000        3.8750000000000000     
   1.2500000000000000        8.7500000000000000        3.8750000000000000     
   2.5000000000000000        8.7500000000000000        3.8750000000000000     
   3.7500000000000000        8.7500000000000000        3.8750000000000000     
   5.0000000000000000        8.7500000000000000        3.8750000000000000     
   6.2500000000000000        8.7500000000000000        3.8750000000000000     
   7.5000000000000000        8.7500000000000000        3.8750000000000000     
   8.7500000000000000        8.7500000000000000        3.8750000000000000     
   0.0000000000000000        0.0000000000000000        5.0000000000000000     
   1.2500000000000000        0.0000000000000000        5.0000000000000000     
   2.5000000000000000        0.0000000000000000        5.0000000000000000     
   3.7500000000000000        0.0000000000000000        5.0000000000000000     
   5.0000000000000000        0.0000000000000000        5.0000000000000000     
   6.2500000000000000        0.0000000000000000        5.0000000000000000     
   7.5000000000000000        0.0000000000000000        5.0000000000000000     
   8.7500000000000000        0.0000000000000000        5.0000000000000000     
   0.0000000000000000        1.2500000000000000        5.0000000000000000     
   1.2500000000000000        1.2500000000000000        5.0000000000000000     
   2.5000000000000000        1.2500000000000000        5.0000000000000000     
   3.7500000000000000        1.2500000000000000        5.0000000000000000     
   5.0000000000000000        1.2500000000000000        5.0000000000000000     
   6.2500000000000000        1.2500000000000000        5.0000000000000000     
   7.5000000000000000        1.2500000000000000        5.0000000000000000     
   8.7500000000000000        1.2500000000000000        5.0000000000000000     
   0.0000000000000000        2.5000000000000000        5.0000000000000000     
   1.2500000000000000        2.5000000000000000        5.0000000000000000     
   2.5000000000000000        2.5000000000000000        5.0000000000000000     
   3.7500000000000000        2.5000000000000000        5.0000000000000000     
   5.0000000000000000        2.5000000000000000        5.0000000000000000     
   6.2500000000000000        2.5000000000000000        5.0000000000000000     
   7.5000000000000000        2.5000000000000000        5.0000000000000000     
   8.7500000000000000        2.5000000000000000        5.0000000000000000     
   0.0000000000000000        3.7500000000000000        5.0000000000000000     
   1.2500000000000000        3.7500000000000000        5.0000000000000000     
   2.5000000000000000        3.7500000000000000        5.0000000000000000     
   3.7500000000000000        3.7500000000000000        5.0000000000000000     
   5.0000000000000000        3.7500000000000000        5.0000000000000000     
   6.2500000000000000        3.7500000000000000        5.0000000000000000     
   7.5000000000000000        3.7500000000000000        5.0000000000000000     
   8.7500000000000000        3.7500000000000000        5.0000000000000000     
   0.0000000000000000        5.0000000000000000        5.0000000000000000     
   1.2500000000000000        5.0000000000000000        5.0000000000000000     
   2.5000000000000000        5.0000000000000000        5.0000000000000000     
   3.7500000000000000        5.0000000000000000        5.0000000000000000     
   5.0000000000000000        5.0000000000000000        5.0000000000000000     
   6.2500000000000000        5.0000000000000000        5.0000000000000000     
   7.5000000000000000        5.0000000000000000        5.0000000000000000     
   8.7500000000000000        5.0000000000000000        5.0000000000000000     
   0.0000000000000000        6.2500000000000000        5.0000000000000000     
   1.2500000000000000        6.2500000000000000        5.0000000000000000     
   2.5000000000000000        6.2500000000000000        5.0000000000000000     
   3.7500000000000000        6.2500000000000000        5.0000000000000000     
   5.0000000000000000        6.2500000000000000        5.0000000000000000     
   6.2500000000000000        6.2500000000000000        5.0000000000000000     
   7.5000000000000000        6.2500000000000000        5.0000000000000000     
   8.7500000000000000        6.2500000000000000        5.0000000000000000     
   0.0000000000000000        7.5000000000000000        5.0000000000000000     
   1.2500000000000000        7.5000000000000000        5.0000000000000000     
   2.5000000000000000        7.5000000000000000        5.0000000000000000     
   3.7500000000000000        7.5000000000000000        5.0000000000000000     
   5.0000000000000000        7.5000000000000000        5.0000000000000000     
   6.2500000000000000        7.5000000000000000        5.0000000000000000     
   7.5000000000000000        7.5000000000000000        5.0000000000000000     
   8.7500000000000000        7.5000000000000000        5.0000000000000000     
   0.0000000000000000        8.7500000000000000        5.0000000000000000     
   1.2500000000000000        8.7500000000000000        5.0000000000000000     
   2.5000000000000000        8.7500000000000000        5.0000000000000000     
   3.7500000000000000        8.7500000000000000        5.0000000000000000     
   5.0000000000000000        8.7500000000000000        5.0000000000000000     
   6.2500000000000000        8.7500000000000000        5.0000000000000000     
   7.5000000000000000        8.7500000000000000        5.0000000000000000     
   8.7500000000000000        8.7500000000000000        5.0000000000000000     
   0.0000000000000000        0.0000000000000000        6.1250000000000000     
   1.2500000000000000        0.0000000000000000        6.1250000000000000     
   2.5000000000000000        0.0000000000000000        6.1250000000000000     
   3.7500000000000000        0.0000000000000000        6.1250000000000000     
   5.0000000000000000        0.0000000000000000        6.1250000000000000     
   6.2500000000000000        0.0000000000000000        6.1250000000000000     
   7.5000000000000000        0.0000000000000000        6.1250000000000000     
   8.7500000000000000        0.0000000000000000        6.1250000000000000     
   0.0000000000000000        1.2500000000000000        6.1250000000000000     
   1.2500000000000000        1.2500000000000000        6.1250000000000000     
   2.5000000000000000        1.2500000000000000        6.1250000000000000     
   3.7500000000000000        1.2500000000000000        6.1250000000000000     
   5.0000000000000000        1.2500000000000000        6.1250000000000000     
   6.2500000000000000        1.2500000000000000        6.1250000000000000     
   7.5000000000000000        1.2500000000000000        6.1250000000000000     
   8.7500000000000000        1.2500000000000000        6.1250000000000000     
   0.0000000000000000        2.5000000000000000        6.1250000000000000     
   1.2500000000000000        2.5000000000000000        6.1250000000000000     
   2.5000000000000000        2.5000000000000000        6.1250000000000000     
   3.7500000000000000        2.5000000000000000        6.1250000000000000     
   5.0000000000000000        2.5000000000000000        6.1250000000000000     
   6.2500000000000000        2.5000000000000000        6.1250000000000000     
   7.5000000000000000        2.5000000000000000        6.1250000000000000     
   8.7500000000000000        2.5000000000000000        6.1250000000000000     
   0.0000000000000000        3.7500000000000000        6.1250000000000000     
   1.2500000000000000        3.7500000000000000        6.1250000000000000     
   2.5000000000000000        3.7500000000000000        6.1250000000000000     
   3.7500000000000000        3.7500000000000000        6.1250000000000000     
   5.0000000000000000        3.7500000000000000        6.1250000000000000     
   6.2500000000000000        3.7500000000000000        6.1250000000000000     
   7.5000000000000000        3.7500000000000000        6.1250000000000000     
   8.7500000000000000        3.7500000000000000        6.1250000000000000     
   0.0000000000000000        5.0000000000000000        6.1250000000000000     
   1.2500000000000000        5.0000000000000000        6.1250000000000000     
   2.5000000000000000        5.0000000000000000        6.1250000000000000     
   3.7500000000000000        5.0000000000000000        6.1250000000000000     
   5.0000000000000000        5.0000000000000000        6.1250000000000000     
   6.2500000000000000        5.0000000000000000        6.1250000000000000     
   7.5000000000000000        5.0000000000000000        6.1250000000000000     
   8.7500000000000000        5.0000000000000000        6.1250000000000000     
   0.0000000000000000        6.2500000000000000        6.1250000000000000     
   1.2500000000000000        6.2500000000000000        6.1250000000000000     
   2.5000000000000000        6.2500000000000000        6.1250000000000000     
   3.7500000000000000        6.2500000000000000        6.1250000000000000     
   5.0000000000000000        6.2500000000000000        6.1250000000000000     
   6.2500000000000000        6.2500000000000000        6.1250000000000000     
   7.5000000000000000        6.2500000000000000        6.1250000000000000     
   8.7500000000000000        6.2500000000000000        6.1250000000000000     
   0.0000000000000000        7.5000000000000000        6.1250000000000000     
   1.2500000000000000        7.5000000000000000        6.1250000000000000     
   2.5000000000000000        7.5000000000000000        6.1250000000000000     
   3.7500000000000000        7.5000000000000000        6.1250000000000000     
   5.0000000000000000        7.5000000000000000        6.1250000000000000     
   6.2500000000000000        7.5000000000000000        6.1250000000000000     
   7.5000000000000000        7.5000000000000000        6.1250000000000000     
   8.7500000000000000        7.5000000000000000        6.1250000000000000     
   0.0000000000000000        8.7500000000000000        6.1250000000000000     
   1.2500000000000000        8.7500000000000000        6.1250000000000000     
   2.5000000000000000        8.7500000000000000        6.1250000000000000     
   3.7500000000000000        8.7500000000000000        6.1250000000000000     
   5.0000000000000000        8.7500000000000000        6.1250000000000000     
   6.2500000000000000        8.7500000000000000        6.1250000000000000     
   7.5000000000000000        8.7500000000000000        6.1250000000000000     
   8.7500000000000000        8.7500000000000000        6.1250000000000000     
   0.0000000000000000        0.0000000000000000        7.2500000000000000     
   1.2500000000000000        0.0000000000000000        7.2500000000000000     
   2.5000000000000000        0.0000000000000000        7.2500000000000000     
   3.7500000000000000        0.0000000000000000        7.2500000000000000     
   5.0000000000000000        0.0000000000000000        7.2500000000000000     
   6.2500000000000000        0.0000000000000000        7.2500000000000000     
   7.5000000000000000        0.0000000000000000        7.2500000000000000     
   8.7500000000000000        0.0000000000000000        7.2500000000000000     
   0.0000000000000000        1.2500000000000000        7.2500000000000000     
   1.2500000000000000        1.2500000000000000        7.2500000000000000     
   2.5000000000000000        1.2500000000000000        7.2500000000000000     
   3.7500000000000000        1.2500000000000000        7.2500000000000000     
   5.0000000000000000        1.2500000000000000        7.2500000000000000     
   6.2500000000000000        1.2500000000000000        7.2500000000000000     
   7.5000000000000000        1.2500000000000000        7.2500000000000000     
   8.7500000000000000        1.2500000000000000        7.2500000000000000     
