   2.8873354361521644       0.95557167258534315        2.6139073318412573     
   6.1473860132589850        3.7755725399537092       0.61281551484789487     
   6.8806974976735296       0.91954711322340965        1.0999188149235648     
   7.2637418571253889        1.6861968546113058        3.5315764320681686     
   1.2102560558876139        3.5512453300089710       0.68552937801986746     
   9.2124587154311222        1.2343794086177344        7.5387952520369668     
  0.96806077772114374        5.0904042586550595        4.5244722544106644     
   6.5999111466873437        2.7712102520385353       0.91437521262970300     
   7.9736858503117682        6.4111761435468546        2.0043592509214703     
   2.8652844494155678        4.1769893534863201        1.5894662622272187     
   7.5445465226551605       0.32974143302427300        2.9763413733233919     
   5.4518080190576041        7.6055493132322693       0.59328642298803669     
   4.0867193154852393        8.6286419971499093        5.3790957624341402     
   5.5485056504469741        7.0060579921148936        6.8692732031787367     
   7.7782739335095261        3.3026907409171868        5.1401936261604195     
  0.41728108326525537        6.4360433968349033        8.8711487472498511     
   9.4187422854142184        6.2491593178620803        3.8358573837939929     
   9.0624611496706784        6.5552605519116804       0.87145385166259093     
   1.6346316607341640        2.2660862346770321        1.3415080163475419     
  0.95780851715961202        1.1779605042262093       0.76661404485657914     
  0.46007721626043641        6.2680004018654873        2.0309537413716940     
   6.7658969382250973       0.63176787645349086        2.1251343505871141     
   9.1407728145835510        8.1784534689326556        5.5393151578033448     
   5.6824514346597468        3.5776940537151933        3.7355912393232074     
   2.2369354476733896E-002   2.8444686496914295        5.3413714985720429     
   1.9496416280321123        2.6109183438172603        2.3996829231282235     
   5.1420998663866362        1.8576932203973080        4.3206177701622561     
   1.7212967548777200        7.4355564487083834       0.91782806803436301     
   4.7532207232870833        9.6693349348087825        3.9880040373434662     
   7.6133474384671675        4.3819787718032925        5.2075402776012840     
   3.1375148108202726        5.5371216038699576       0.87204151021717025     
   3.0384694573739370        3.2868475352575994        3.9194390720561385     
   5.5145951480676709        8.1848230996925473        7.0888363263549126     
   4.8911113349021944        3.5220534614822607E-002   1.0360677434385193     
   9.9849526988236086        9.2682689774342144        3.9846907838893961     
   1.4592121782036671        1.5412456151307983        2.5576892244272269     
   1.5486718879985117        6.0869051526757350       0.62890050648253304     
   3.9972512817349464        8.5322116433150779        3.2183435757786842     
  0.30881133115984732        8.5936035385911396        1.2989611019409049     
   1.2925292242131505        5.1670076947663102        3.2467188467945856     
   7.6433543986849495        4.7869490072782650        3.6682968016429469     
   4.3442111089642799        8.0077380569147962        2.4197106244780224     
   4.9020386138614791        8.1921388288967041        9.2394421568184946     
   5.4339990259760578        5.9186332638322181        1.1956873214140626     
   8.5664592025986739        9.0667504712582527       0.64527550166217285     
  0.25236652347091543        3.7917369908324146        5.7320258889887823     
   4.8427310197569007        4.3384853588903685        5.2064123883088271     
   8.7673905285512230        9.8688876257432216        1.6180994977754952     
   9.8982517213018681        2.6078788682059191        1.8679607744620725     
  0.79114255551196289        8.1581016390695780        4.3178781938697517     
   2.2623700310624124        5.8944996846671662        1.5054756467750341     
   5.1141680507964340        8.4137346548399687        3.8413673093666412     
   6.5641313552445748        3.2313622210809010        4.2453028060320728     
   9.5027282387025735        9.4413549372572181       0.82510682658665480     
   4.9652575278086006        9.5146328893172303        2.4814407907831200     
   7.7639230138523976        3.4479942657030400        3.1227034094423405     
   2.6794257283267706        7.2569422999291904        2.2554377987250356     
   4.7100214160905409        2.1120218378120410        2.4908540131111327     
   3.6820130359110976        7.6675000421270223        6.0915615235681768     
   6.6833706134531683        7.1137076026265609        4.2491104892146678     
   7.0655496065350487        4.2327726639838970        8.7177044237398054     
   1.9018970606066978        8.6482258463340926        6.0120272077171268     
   9.6623177120865282        7.0564533024459406        1.7262560799837268     
   8.4745823617095706        7.7057151763640190       0.84397588219005160     
   2.2297852794660638        6.8247634451935779        3.3403414236020561     
  0.60860694228955692        4.7609495937026098        6.3049860028740374     
  0.17105583341811054        4.3284129535019309        1.3984720230904752     
   2.6203706505073883        4.6486841306243587        7.8543652232751935     
   8.6758603648307133        6.5183744091098736        8.2187949390894577     
   3.2333642098545128        3.1764838982947503        6.7505517831550526     
   5.2981595643253074        1.7330686736155083        1.2490241340529209     
   4.5050383366844882        6.1637286928594897       0.50258451865361176     
   8.4846053664103689       0.91402312893591975        1.9789843755140966     
   5.1999536730297082        5.0333001951521830        4.0553872141728702     
   7.7972117983066216        3.7606035758734055        4.1512873379555231     
   1.2649421835335541        4.2122230956128517        3.5529330944520661     
   9.2267906683953083       0.21269881160236706        2.7293253640437314     
   1.0609956897667487        2.8664911772396469        9.3478879579014666     
   6.7674664409955341        4.7192079629485972        6.3283156352069314     
   4.0458786174753065        1.6831333431443356       0.74045155604155777     
   9.0240420211342247        9.2159356402908230        3.3564519151507959     
   1.6907223840606522        5.0268084539366047        5.9496068785176561     
   3.9227479353396428        3.9480825962733195        8.5433861144451413     
   1.9263033921379447        2.0179530909798062        4.1819609907046562     
   5.1316088075185711        6.4719293015217394        2.0064041490696241     
   1.0986860600316255       0.91300066842675720        4.1808229798879735     
   8.6850363202134595        2.2634989982434153        1.8589205395018451     
   8.2696558043580399        2.7637959935281904        8.8475273055358397     
   3.7378155796962358        4.0434051030679861       0.57991778656600235     
   1.5067997720191320        5.9448528582369962        2.2206597275554061     
   7.6323209296485572        9.4970549332611007        9.4081809361850617     
   8.0812276607243252        9.6530239832510567        3.8244899223761757     
   6.0275253383415164        3.5018626590448165        7.5435280829082618     
   6.2659077908812844        9.9701720403181682        3.8429567608144404     
   4.4139567693827066        3.1430814864342684        1.6237944973096676     
   1.7137290192855508        1.6599635966866670        8.9986371874475495     
   1.9347769865474365        3.3943873889003013        3.7985299502222234     
   2.6098647790847704        3.0269973916287833        5.8564924270583658     
   5.8216080833538477       0.77432688556392604        5.6374794624920730     
   1.5577105504577684        8.4881798425694885        1.6555169803512013     
   4.5188628885583606        7.0634991999020977        3.8681132888683689     
   2.9646999682167965        7.7096842100317788       0.94235823324367463     
   4.9809320643565220       0.45521737126407064        2.8276529126196666     
   9.1966695241937249        5.3148872678435026        6.0702165164266892     
   2.6556700403280038        9.1763171648207678        1.7413899011876213     
   3.1442928339555074        6.6725769832160875       0.99870622496512673     
   3.6365092008892139       0.32278869316088865        6.4965403686286090     
   8.0548096047713678        8.6518849430049425        4.8175707865787256     
   7.3163881101700179        8.1817214578101645        5.9728457656508178     
   2.6090551045955701        1.7438730193240082        3.3213795633692431     
   4.7308878441702760       0.67608288024611884        6.4741997811517455     
   1.1476844607902619        4.7830680659782514        7.2088361408883115     
   2.4303431674767517        5.7564666752188192        4.0835271564794811     
   8.6405918662703236        3.9535727313127338        2.1663006329222250     
   6.7111147997743927        4.7086058542804743        2.6386866359191368     
   7.7614913847032616        4.6495015615261570        2.1240502356571613     
   4.0402406216895335        7.7388193557426090        8.6273157147586854     
   3.9021044696756726        2.9154326170084772        3.0474974417529523     
   6.8675722470833591        5.9424512762553015        2.4750608539866081     
   4.1432697255662516        5.5090636048344752        1.2058395411619134     
   1.9732581059663064        3.3367655089627277        9.4953635529695006     
  0.53031198436827709        4.7040365250808236E-002   2.7635552515983988     
   9.7659329754706068        6.3512594990903413        7.5662479127014235     
   4.4143079406012031        3.9346090626260040        2.6557119473088870     
   6.7519704056658352       0.94406958460608414        4.5508474152901375     
   9.5890085414959447       0.65386157139447632        4.5870588993359345     
   5.7710642122513462        8.9961277042186030        4.5507634098990941     
   4.6315136695243355        2.9852338898343156       0.64172202522545674     
   9.5855482306533659        6.4064890131183052        2.7593975686665524     
   9.9129572874396157       0.67899267096497629       0.66446319040111312     
   8.1385363214265052        1.4427640112334967        4.5681990312083895     
   3.0336539356459804        7.3793634523304465        7.3231085211877396     
   7.2724493207203071        7.1690583717458187        9.4090447449146399     
   4.1579995735155046        4.9407084457154316        6.4632293497318933     
   2.1630635116629540        5.8671498196634619        3.0577031706149995     
   4.8156420566631457        4.3287458126566030       0.89696921932266538     
   4.1884174529261013        6.1417320154374515        7.6391531390364307     
   1.3411656301973383        8.6289132031939335       0.61411312143625818     
  0.94816213481765410        3.3618051346448907        1.9798260279889366     
   5.4720557562580305        8.5688312938092626        1.5779922733509957     
   1.3187387926462282        6.9920611475902836        2.5996328659036703     
   5.5462233433385499        2.9567723075593086        1.3057096199352654     
   4.4757343202255724        8.3335584756054448        7.6082582300753350     
   1.5931704461859915        2.3384467860316800        5.1131046482367477     
   1.1743371933340980        2.6692178346383559        3.7582047666070042     
   9.8081176063650215        1.5500796277784361        2.4557293606299417     
   1.4126844460691792        9.5004850280571045        4.0798419102398125     
   4.3704553710850274        5.1127625105981096        8.1666648628558018     
   8.1480525312931569        4.9585483304064510        8.1222076331052548     
   6.0748942643842048        8.6687205511833572        9.1459789761555417     
   2.7310427164289179        1.7145177089076655        1.2170067794931307     
   2.6706023228704838        4.9683418202341096        2.6845034317121339     
   1.7345174212083967        3.9330465357615014        4.9092979893941076     
   8.7264965628489204        2.8014378474897668        6.2583211660613749     
  0.55705985134371527       0.55879361627202517        6.1065027031944581     
   6.5424029964095558        4.4680546744450504        5.3787356346081454     
   1.7422863920875922        9.3920907680081420        2.5780117407383512     
   6.8126926452478243        8.4227663600504830        8.4119144720771359     
   9.7026627441430993        7.1764706066886230        3.5627229876167235     
   5.0430968629284312        6.2264829368846986        3.1808162916972305     
   5.8443432980052545        3.8580935243706627        1.8023168163709815     
   3.7397504478858479        4.8593176491374734E-002   8.8489451157889452     
   8.0005151396217258       0.53762877720430913       0.56873017942409287     
   1.7467739235113038        6.9443886416989704        9.3982195316002191     
   4.0968134154342959        9.6727953596313494       0.51154788010391028     
   5.4724991240091390       0.72510132250513604        4.2695278632780438     
   4.1879295369155933       0.37534288421583317        7.5150992955725320     
   5.2908181350894905        7.9128270778223957        4.8932458518861273     
   5.7006983991357698        4.5107626405816692        5.9293974930405113     
   2.0116142175638466E-002   1.1626557753981321        3.6921093831566818     
   8.8813086186590375        3.7596006198333316        1.0272600849975666     
   4.9213702714386089        5.4175102075102330        1.9195609898359878     
   8.7124694619123346        7.2585011026447370        9.1010024707609087     
   5.3721566529322358        7.1617483145461263        5.8769299944275710     
   8.9721316941619929        3.6789868925514178        4.2825177243963539     
   4.6360871046272134        9.1498875986908761        8.4040748707345720     
   6.3252678709557273        9.2884424941228492        2.4106793039421626     
   3.3277015475286689        9.1056528377167822        7.0360779211087001     
  0.76551764441105241        6.8734041139886441        1.1259440991363965     
   5.3993174293832586        7.2464489668241239        9.4706478992112295     
   4.4389660773907673        3.7778053345613185        6.0563586068840571     
   9.0786659118809787        7.9079175835166069        2.3487901845501140     
   9.5116695186717006        2.3992629185579402       0.50425434832730953     
   2.6872818861172094        3.2602075126030630        8.3960816381347900     
   2.8907665506808620       0.20113840927349647        3.5755717507213487     
   4.5244158662761969       0.60294627675916401        5.0406389829672760     
   6.6548175489975474        3.0114027512194825        5.3829368164665174     
  0.10620402971233447        1.7429555085947581        1.1122766927376135     
   9.5716021760201553       0.74126285881242582        1.7409706260215725     
  0.63577766223833931        6.7323755845220870        5.4718743755299126     
   8.6097055795217265        7.0877214380737446        3.3077221749458681     
   7.6450574357447332        5.8535616051991477        3.5187427596625653     
   6.5848575082753795        2.8322946871629378        2.3594571662071528     
   7.9600669121377159        3.1914903397787757        1.0290927910445697     
   8.8995271390678496        4.5758004988535284        3.6349258913584523     
   6.2980101571515688        8.0663484110215755        4.5416222101049399     
   3.8258683393658632       0.72135274588908704       0.98569773470263378     
  0.77002106951182703       0.23597669511078206        5.0723927507794233     
   8.2527562543360649        9.6503333524113284        5.6925843605575777     
   4.4929783589010528        2.4318241285878330        6.4883666772656383     
   8.4161573296776275        2.0559983430210504       0.67822396207915214     
   5.7970083537071666        9.2734340779005908        7.3393993222873837     
   3.2924241829131051        5.5182191840044643        5.6308306997521074     
   2.0746950323624338        3.4264712082348749        1.5076028701522555     
   1.6046876162066457        7.5191550897138324        8.5302993076763158     
  0.76858384486583098        3.8171326935369438        8.5100721289549970     
   5.3228843202793747        8.4856885971517428        2.7944778500662855     
   1.6959312653284173        6.0866314947370022        8.4499328764694237     
   4.4568005821017422        6.6899121092073059        9.1646869097895767     
   6.0328709579279058        5.0015436274135006        8.2055215028189998     
   1.7041935465980307        4.9759124178671996        1.3743826865238868     
   3.4911306499641257        2.6125939100897329        5.3109205982253158     
   4.6641957547455011        2.6741431905918756        7.4456645489695088     
   3.7201959713103983        5.7912973982055167        8.9640138644163567     
  0.42747947032687073        2.2865237017496844        2.7659257366928882     
   6.9081449563266402        5.9613629091837321        5.4344440516279180     
   7.7186098631619924        7.2388918222498502        3.9875259147589044     
   2.1366736312640793        7.8847424724932056        3.1771778496600112     
   8.6270470087573052        5.9698144561229967        3.2251989177989882     
   9.8325917312810116        7.9733852689813585        4.7412149474845302     
  0.10451217137244152        1.8081559137359930        5.4441903050822500     
   2.9286379163064775        9.1277470408120340        2.8168508681570694     
   5.9873518747231351        7.2944091799615904        1.6050495366885875     
   9.5245845706082566        8.0877567306770661       0.67882503346511147     
   8.7137384119745409        1.1059222121306189        5.5784150579062377     
   5.8900529957189010        5.4118656528636242        5.0097303782707918     
   8.9023298782019182        4.8279718137254921       0.86063303803492530     
   8.2160510883124420        5.4360320235262884        1.5525912055841702     
  0.11971253752956640       0.82301853136878156        6.9722474264989724     
   7.4260044509734806        3.3989650591310068        2.0989549781905734     
   1.0134423081981467        4.8315909113905589        8.3330698889828945     
   4.4149157761687068        4.4345617931998165        3.8096636732941995     
   8.3266332086041857        3.8755076616436770        9.0622652554436911     
   6.2835641693371427        7.0071496985413271        7.9734566075560309     
  0.26924463522053155       0.58156375981520048        9.1848631820149489     
  0.75214969239774809        8.6539185466524220        6.2314866078883968     
   1.6110018587544186        9.2272538617207793        9.3501640297946675     
   3.8815558341365866       0.81412357520966794        9.4879668917446356     
   6.7849418989449743        9.7372207876302319        1.5842546286429431     
   4.4226746545399100        8.3352080621412092        1.4701449920134688     
  0.70140113295721174        6.2659929187033629        3.4694572569394149     
   9.3107565785129403        7.1063776470402233        5.8567561222548310     
   2.4197658357265177        7.9347587980245207        8.0787779337990671     
   3.9613255629759068        9.1674925104719556        9.4254259469448538     
   9.4055889647051902        8.5003797320737426        9.0712354036521461     
   9.6889138339478365        8.4732192073897430        6.4481422071287380     
   9.6266533168882020        5.6781494524347638        9.3824264595208415     
   8.9223939139025958        7.9831932109445560        3.9534504511478894     
   9.2415023189310244        3.7639486279563181        7.9730428067794801     
  0.31160663437746733        8.5491194654422138        8.3746268231540419     
  0.91459904696709826        9.9803696124817964       0.91757814028533646     
   6.5313437965971364        9.4728230650058816        6.0544944055590673     
   9.7252488440310838        9.4768329394044901        7.0791295139541903     
   5.3883714067648931        8.7342137476592701       0.51884035748374202     
   1.6757046348054077       0.76649368755689218        7.5255900309478294     
   5.1306794833217468        2.5808096040973889        3.3374537240469158     
   9.6573800675680541        5.1079093532809692        8.3055654004894066     
   6.6655710061977231        9.5144415394829078        4.7669559347808939     
   8.6761530031424154        4.1106899107420931        5.1566006082611153     
   5.3527638274509579        1.8201037915270692        5.6502939303864874     
   5.4177256452474962       0.18584984056248552        9.3087869659058242     
  0.11829998836160210        8.1636650255944776        3.5495500307409378     
   6.8750368902089276        3.9549018955895194        1.4425487617516641     
   6.8110890594775597        6.2185955643502782        7.4378852317042368     
   2.0471128020500524        9.5170726995198471       0.74232954809214735     
   1.2941147483235664       0.19540738545599057        9.2015372309231651     
   4.2525241161662759        3.1245247277843733        4.4802983703906225     
   7.8001232322771434        1.6488439573103315        5.6289747917460673     
   1.2895604958046618        2.7519078729742872        6.2346719530993040     
   7.9623587651208139       0.89577705585510892        6.5488795477003245     
   8.0818661573954174        9.2817379064784689        2.8560311488928294     
   7.1172962202792363        4.7868843284140938       0.81748286160503503     
   4.2445310951135191        7.2377654203735684        4.8854123190672327     
   3.9063470995596381        1.0976397598413419        3.2404676507401562     
   5.1945701324671045        1.1707845587915167        8.7868411689293762     
   6.6133440715403653        6.2886227007806665        9.2519554352534534     
   8.2233549725372619        6.1285793821949328        5.7835059332447791     
   5.8667552773351250        8.6108215383519546        5.4871747513709979     
   1.2413475819817212        9.5078210767585691        5.9798987752280786     
   2.8633517144897791        4.5402149517180383        5.1289231655368432     
   2.6849280263876900        6.1575554414829536E-002   9.4312213166230752     
  0.76272141659213155        7.1408769817233368        4.5169699340568741     
   9.0778090660621213        1.2761779158879167       0.59050015483434903     
   6.6074006958076366        7.2199052249402236       0.79890188920221483     
   2.6960832921086690        8.2599034502509827        4.7153025591197979     
   2.4501059272209536        9.4708732294744387        5.5824095693004905     
   1.7276627619857206       0.61583490457475698        5.6234093535289649     
   5.3589254137272668        4.7018085445238640        6.8654974355066454     
   9.0264601335647683        4.1831709534179646        6.1421113040048620     
   4.3807423271979147        1.8174464951351341        8.9713390543718798     
   2.6118670257416259        5.0781522719471726        6.5871144305049025     
   2.5084846349578842        1.1868767884444700        8.4892984791675055     
   1.9466098843306745        6.8796879651717262        7.3105665620908997     
  0.72400131068825868        1.6233322525323732        7.7740621058227806     
   6.0212013034447516        2.0536955618436403       0.51435696929466002     
   3.3124270218540461        3.2796543629322170        1.1037933927277745     
   6.5971907842772506        8.2962998388227369        2.7794643942170238     
   3.2416626459985114        4.0753985987633490        6.2113219049312320     
  0.17536951578381632        2.6216377801912594        8.8875426542401073     
   4.3391036615356349        3.0258689052879140        9.1682811772815960     
   6.4278207417928819        7.1938632292667624        6.1304958431533629     
   8.6034397751120082       0.35321228883131273        7.4306216707868566     
   5.5343105797383316        2.7785051040565203        8.3422181304572600     
   6.9258841759681404        2.2973671280350412        4.4070302325011719     
   3.9342669626412934        1.2090863188326015        2.1594978946852792     
   2.5997461117540093       0.12309309550388262        6.4726715964861539     
   1.5524204440982858        7.4308605988062286        6.2274632994601546     
   2.1501163043581135       0.43547501465685590        4.4967759859574841     
   4.4723127573705286        6.8134708764984735        6.7372041204710191     
  0.65004661909887729        9.5794951309033678        8.1078671859073914     
  0.87425368978980111        6.9637567942266214        8.0799690086510623     
   1.9312795734760810        3.7453943240544190        7.3606263504412270     
   7.8572395903514760        6.3482737841877110        4.6489433481382605     
   4.8295724954017878        3.6712441336539006        7.2681684668034698     
   7.3009224775835477        7.2678793180445886        5.0623034172448635     
   7.5212523452549895        7.6095951583075729        2.3883001699490833     
   2.9253883332048827        1.9203667930842414        7.3264658690477962     
   7.1730403672325567        8.3538453807457795        1.0630435490803471     
   7.6455728638440732       0.64204862358245929        3.9430722229909638     
   7.3377215486827945        6.4410131467990208        1.0238751632128318     
   2.8022532031423912        6.2394999740788890        8.5017921124699445     
   7.5818000049935508        8.5546241846472562        7.6370245850231839     
   1.7916160107415255        1.8538080071332939        7.5592410018040432     
   5.5177760192023113        9.3834437322381028        3.3640063518326206     
  0.66490035975806516        5.6463682295992283        7.7816384967634127     
   7.8439885368161297        2.5548220028083084        3.6018177130012168     
   7.4450639085792361        9.0711924534931061        6.7788007506720875     
   3.4778127725880768        3.8569294519903012        9.4753307256826833     
   4.8748786789169625        5.5137884689940950        5.1357783636931957     
   2.2361465729468546        5.8637738048521850        5.6701487785107734     
   8.2364385666581832        3.2400034776715962        7.5255357880994644     
   9.8479234461632146        1.5112269997120091        8.5333249972098635     
  0.12423543742770202        7.5331195221760749        8.7827518841302670     
   7.8826607746570589        5.7200136650963689        7.0222300821890444     
   6.7475241898042420        9.5409274066686507       0.51429484055010177     
   6.0418435368746222       0.60643159293237159        2.8419510279956084     
   9.1046730140148835        2.3932055899591651        2.8167006852576364     
   6.2022923394992571        1.8964752272122198        8.9176093948042130     
   9.2454949467976117        2.5226507300537393        8.1401629643397726     
   6.7668466917385759        2.5247024935529705        9.4628153140823770     
   9.4803930856695207        9.9136436542825859        7.9877152156892555     
   7.6583539054869174        4.5520654520708170        9.4654783792724047     
  0.43881826347109576        8.9031777035655839        9.4942524261346541     
   3.8570453637776390        2.3137196458729843        1.9398556214982983     
   8.8119847986373649        5.0496707772462175        2.4260037447551084     
   6.4985627249464137        1.6566417851619908        1.9350827883301558     
   8.5642801798240917        9.1110570603024321        8.0237617718852903     
   4.7032846673786946        9.5786350637638300        6.9969805712853583     
   1.6990041527412592       0.22495819926331242        1.8497104543816774     
   1.8793419546978642        1.5047393875090882        6.2702614916262815     
   3.3044805011374963        9.2467643808415634        4.7471160719587546     
   8.7775066645611073        8.3651809456996986        7.2722796951753468     
   9.7591522130996076        6.1210424669385564        4.8126680390744534     
   8.2013944532394376        1.8073659443548857        7.1074991927901445     
   8.2212514117154090        1.1493624364703070        9.1219144327684489     
   1.4572757657073103        8.5064158226207294        7.3479407784605701     
   8.2548303472791424        7.6894807347235785        5.1126476484707242     
   1.3581171992165293        3.9628202970625916        6.0187406031098822     
   1.0480448686436565        3.0784887083784636        7.6193737076530734     
   7.3300704771432592        3.5400128488586891        7.1219400453612716     
   6.4013718445641139        6.0015111222303030        6.3452784082596718     
   7.6438298030114540        2.0093416538131339        8.3062823616052750     
   6.1541971241515077        4.1418448736115403        9.3170234283010060     
   3.2098928132690858        1.4248654485439536        6.1046080201176993     
  0.11963762607922299        2.6138042812443518        7.3671386187033452     
   6.3054854683851600       0.42897650151375988        7.0203958450468278     
   6.3658522233129649        2.4403825190376227        7.8192864384895620     
   2.5124927562788870        3.9220137535141171        3.1429012292132161     
  0.20116995092201723        5.4136830050500171        3.6715401294633780     
   6.5527709182240184        1.7787729872624438        6.3264371187230468     
   2.4919820571789963        8.7062905802665274        9.0693260868167354     
   1.3525750946502704        8.5568832204429341        3.3659180480757969     
   8.9926011591216799        6.8640870796898410        7.0009783642824130     
   7.3408359057567925        5.2856839101626614        4.5065659748647278     
   3.9106556907954175        5.8390693279129362        3.7179098424946728     
   9.2895207739665242        2.0535584810083156        6.9359307030902047     
   7.1177631869650089        1.3916244294703324        7.4527536093350131     
   6.5938469760418563        3.6662775528439733        6.3117099756673714     
   6.6381374828551172       0.55598601109156709        9.1000661921575539     
   9.5420650517226608        3.3697296899574583        6.4584489838877115     
  0.33826957578398731        3.5475292008334285        4.6382416401973146     
   3.3103950999742824        6.6418776922169505        6.0148998945457528     
   8.0024014173640499        3.7269537408436113        6.3631619547520826     
   7.2133281630031503       0.44916832032519871        5.5344652762686399     
   1.4491198407264936        8.1523736537818952        9.3970659269721768     
   2.5524840155461921        7.6701636979996195        5.8352709712097237     
   5.1094892650604651        2.9809125075244025        5.5802886407346444     
  0.56957533753676315       0.92449681107609727        1.8179980759608636     
   3.9483071523860258        9.3998137163474240        6.1179048950176682     
   5.2401405957717149        4.5024654660654475        2.6669378417734477     
   9.7390876749688022        9.6067084302745567        5.8613422605111571     
   1.6498168823767634        4.1576324850564506        8.8868875885446297     
   5.7323984178033385        5.9368920851788758        8.0149050444230259     
   5.5516486098815783        4.9441606222884786        9.2391146383991387     
   7.9537490527863772        6.2166751416007902        9.1990775156765814     
   5.6549108404924118        9.6856183684819150        5.2719783467279022     
   5.2621734481649259E-002   4.0354825663952711        3.5959974437076041     
   9.7215692003384060        9.4033121790644341        2.2225532700690036     
   2.7171192986063426        2.4310648850373018        9.3429844457989528     
   7.5857991923786994        1.1297827351036307        7.7221101204403899     
